0.0688915
0.0705726
0.0727005
0.0791351
0.0864592
0.0902525
0.0957505
0.101887
0.103204
0.105379
0.107029
0.107683
0.108949
0.111288
0.111433
0.112875
0.114745
0.114776
0.115987
0.117155
0.117703
0.118264
0.119228
0.120309
0.123362
0.126564
0.127696
0.131333
0.134307
0.134001
0.13524
0.136549
0.136823
0.136944
0.137399
0.138328
0.138296
0.139017
0.139695
0.141016
0.141917
0.142525
0.14459
0.145542
0.149433
0.148936
0.149441
0.149496
0.149919
0.15039
0.151589
0.153121
0.155076
0.156056
0.158211
0.159508
0.159967
0.161033
0.16202
0.162785
0.16231
0.160762
0.159998
0.158552
0.156953
0.156471
0.155633
0.154739
0.154818
0.154344
0.154692
0.155445
0.157016
0.15838
0.158294
0.15787
0.157549
0.158427
0.161229
0.164626
0.166425
0.168459
0.173937
0.176825
0.183762
0.191673
0.196509
0.206028
0.215061
0.218846
0.228325
0.233079
0.234055
0.236422
0.240599
0.241923
0.243252
0.245799
0.246532
0.247128
0.24641
0.245611
0.244044
0.241265
0.240462
0.237954
0.239803
0.240035
0.240622
0.243726
0.245415
0.249275
0.25279
0.254181
0.259244
0.262697
0.264158
0.264409
0.263727
0.261552
0.261498
0.26147
0.261509
0.262062
0.26265
0.262054
0.263798
0.265714
0.266345
0.266713
0.269962
0.270158
0.273054
0.273473
0.274194
0.275617
0.277153
0.278513
0.277882
0.278654
0.279171
0.277416
0.277043
0.276444
0.275452
0.274136
0.273626
0.27151
0.270761
0.269895
0.268924
0.267677
0.267505
0.266055
0.265307
0.264452
0.261968
0.261321
0.260487
0.259429
0.258888
0.258182
0.257602
0.256317
0.256129
0.25558
0.256082
0.255929
0.255729
0.25761
0.257344
0.25692
0.254942
0.254581
0.254714
0.254397
0.254154
0.253006
0.252598
0.252931
0.25297
0.25241
0.252089
0.252281
0.251795
0.251485
0.250266
0.249663
0.250051
0.250756
0.250846
0.250651
0.250082
0.24998
0.250796
0.250827
0.251144
0.251422
0.251105
0.251164
0.251328
0.251524
0.251877
0.251999
0.252324
0.251873
0.25156
0.251113
0.251082
0.251066
0.251391
0.251328
0.251215
0.250846
0.25098
0.250768
0.250188
0.250321
0.250419
0.250016
0.249792
0.249636
0.249608
0.249683
0.249361
0.249385
0.249436
0.249299
0.248997
0.248809
0.248699
0.248707
0.249032
0.248977
0.249263
0.249447
0.249369
0.249236
0.248546
0.248021
0.248413
0.249522
0.249781
0.250408
0.250157
0.249506
0.249502
0.249898
0.249922
0.249549
0.249267
0.248981
0.24853
0.248476
0.24835
0.248335
0.248358
0.248182
0.248209
0.247856
0.247751
0.247335
0.247821
0.24777
0.24761
0.247535
0.24728
0.247226
0.247273
0.246818
0.246685
0.246371
0.246124
0.246332
0.248115
0.249165
0.251136
0.252602
0.253241
0.255126
0.257888
0.259597
0.261623
0.264476
0.265479
0.267368
0.266357
0.265644
0.26439
0.262352
0.261701
0.259981
0.257975
0.257426
0.25616
0.254487
0.253441
0.251387
0.24962
0.248844
0.247512
0.246226
0.24587
0.24518
0.244737
0.24458
0.244992
0.245027
0.244639
0.245172
0.244937
0.244475
0.243836
0.245603
0.245799
0.246073
0.245725
0.245544
0.245411
0.247092
0.24703
0.247077
0.246857
0.246979
0.24768
0.248052
0.248064
0.248123
0.248119
0.247864
0.247461
0.247265
0.247265
0.247343
0.247516
0.247657
0.247586
0.247621
0.247833
0.248378
0.250364
0.251556
0.253727
0.255714
0.256027
0.258476
0.258986
0.259503
0.259691
0.259671
0.259389
0.259283
0.258962
0.25879
0.258837
0.258735
0.258719
0.258809
0.258939
0.25908
0.259229
0.25915
0.259068
0.259084
0.259283
0.25928
0.259472
0.259542
0.259421
0.25928
0.259162
0.259291
0.259197
0.258876
0.258684
0.25799
0.258167
0.258037
0.257446
0.257732
0.257849
0.260036
0.262034
0.26341
0.265875
0.268026
0.269006
0.271737
0.27441
0.27497
0.27539
0.276851
0.276902
0.27776
0.279767
0.280488
0.280331
0.280637
0.280817
0.281048
0.281515
0.28142
0.283039
0.286009
0.287103
0.291578
0.296261
0.298122
0.302597
0.307041
0.310164
0.316505
0.324244
0.327936
0.334543
0.341487
0.344352
0.351135
0.355485
0.358604
0.363769
0.371085
0.373864
0.380012
0.387328
0.389433
0.39555
0.40102
0.403728
0.410704
0.4163
0.419246
0.425771
0.432218
0.435627
0.439205
0.441979
0.442222
0.444546
0.446846
0.446568
0.449123
0.448437
0.449754
0.456745
0.458324
0.458834
0.461302
0.465225
0.466389
0.469712
0.472949
0.47378
0.476139
0.478615
0.479431
0.481304
0.483663
0.484407
0.484932
0.486108
0.486688
0.487934
0.488428
0.488777
0.488455
0.489098
0.488577
0.489129
0.494173
0.493934
0.493804
0.493354
0.492974
0.493091
0.492014
0.490717
0.490767
0.489956
0.48947
0.489835
0.489016
0.488471
0.488628
0.488675
0.488314
0.48864
0.488126
0.487648
0.486778
0.48715
0.487107
0.487158
0.487147
0.486872
0.486876
0.487644
0.487401
0.49192
0.497382
0.500443
0.507281
0.515397
0.519888
0.526981
0.533117
0.536288
0.541264
0.545728
0.547648
0.549251
0.549882
0.550411
0.553589
0.556159
0.557417
0.562633
0.568503
0.571294
0.587968
0.590977
0.593372
0.598827
0.6038
0.605481
0.609035
0.611543
0.61335
0.61333
0.615062
0.614231
0.614365
0.614733
0.615258
0.617496
0.617754
0.617409
0.617793
0.61739
0.618021
0.616061
0.616704
0.616606
0.616414
0.618358
0.617782
0.61755
0.617119
0.616249
0.614247
0.613761
0.613459
0.613643
0.61228
0.612037
0.610724
0.610113
0.609701
0.608925
0.608267
0.607044
0.6065
0.606276
0.605128
0.604697
0.603239
0.603631
0.604109
0.606037
0.603459
0.605406
0.606939
0.60735
0.610908
0.61447
0.616579
0.620262
0.624498
0.626262
0.630608
0.635392
0.637556
0.642838
0.647811
0.650703
0.655292
0.659148
0.662107
0.666402
0.671045
0.672671
0.676716
0.68498
0.686603
0.701365
0.708693
0.713136
0.716718
0.721958
0.72416
0.728318
0.732707
0.733804
0.736382
0.739921
0.742115
0.749855
0.756772
0.759385
0.764488
0.768555
0.76975
0.772345
0.774966
0.775495
0.775456
0.776001
0.776514
0.776702
0.790778
0.791174
0.791476
0.791652
0.791378
0.791778
0.791492
0.791178
0.791014
0.792142
0.79427
0.796092
0.799827
0.80065
0.801665
0.803385
0.805039
0.805587
0.806641
0.807668
0.808613
0.808993
0.809702
0.810141
0.811305
0.83017
0.830409
0.830777
0.831043
0.831596
0.83198
0.831659
0.832152
0.832172
0.832631
0.833454
0.833238
0.833403
0.833254
0.833285
0.833034
0.833116
0.833391
0.833877
0.833493
0.833783
0.833199
0.832313
0.83169
0.831239
0.830926
0.831141
0.831043
0.830891
0.830064
0.829891
0.82977
0.829539
0.829931
0.829217
0.82926
0.830358
0.830221
0.829558
0.829805
0.829394
0.829084
0.828739
0.828806
0.828716
0.828555
0.828367
0.828504
0.828645
0.828441
0.832399
0.832282
0.832439
0.832388
0.832301
0.831604
0.831279
0.830789
0.831392
0.831541
0.831992
0.833959
0.83399
0.83459
0.835711
0.836843
0.837239
0.837846
0.838054
0.838082
0.838689
0.839919
0.841624
0.842572
0.843971
0.855493
0.855681
0.855626
0.85583
0.855579
0.8555
0.855924
0.85583
0.856092
0.856394
0.85612
0.856202
0.85737
0.857064
0.856946
0.858514
0.859345
0.859921
0.859972
0.860089
0.859983
0.860391
0.860536
0.860673
0.860763
0.86498
0.865039
0.864807
0.864717
0.86487
0.864819
0.865811
0.86603
0.866132
0.865787
0.865858
0.865909
0.866371
0.866731
0.866806
0.866669
0.86672
0.867276
0.867613
0.868009
0.868056
0.867617
0.867625
0.868225
0.868373
0.869345
0.869185
0.869161
0.869396
0.869294
0.869341
0.869094
0.869165
0.86911
0.869337
0.869083
0.868812
0.869051
0.868867
0.868851
0.868522
0.868275
0.86775
0.867178
0.867155
0.866665
0.866696
0.866555
0.866935
0.866602
0.865395
0.865767
0.865317
0.865262
0.864725
0.863463
0.863107
0.862523
0.862288
0.862248
0.861661
0.861335
0.861069
0.860411
0.860481
0.860438
0.860834
0.861516
0.861955
0.862378
0.862918
0.863734
0.864063
0.864368
0.864259
0.864948
0.864396
0.864486
0.86534
0.865458
0.86585
0.866712
0.867253
0.867272
0.866814
0.866873
0.867468
0.868377
0.868624
0.868338
0.868236
0.868542
0.868593
0.868953
0.869279
0.869341
0.86942
0.869612
0.869882
0.869898
0.871712
0.871673
0.871834
0.871383
0.871281
0.871066
0.871269
0.871281
0.871379
0.871293
0.871038
0.87096
0.870764
0.870595
0.870674
0.870619
0.870591
0.870721
0.870964
0.871026
0.87105
0.871301
0.871179
0.871156
0.871258
0.870137
0.870043
0.870395
0.870501
0.870062
0.869964
0.8698
0.869831
0.869984
0.86998
0.870372
0.870106
0.870345
0.870145
0.870109
0.870058
0.870035
0.870247
0.870411
0.870431
0.870364
0.869996
0.870047
0.870109
0.870074
0.870231
0.870329
0.870525
0.87029
0.870227
0.870329
0.870611
0.870533
0.870599
0.870556
0.869067
0.869518
0.86962
0.869569
0.8696
0.869902
0.869992
0.86998
0.870113
0.870266
0.870266
0.870231
0.870102
0.870309
0.870384
0.870121
0.870325
0.870482
0.870662
0.870666
0.870697
0.870533
0.870732
0.87058
0.870505
0.868142
0.868322
0.868393
0.868636
0.868609
0.868934
0.869149
0.86904
0.868899
0.869036
0.869063
0.868946
0.868738
0.868542
0.868491
0.86833
0.868099
0.868091
0.868326
0.868491
0.868354
0.868577
0.868644
0.868769
0.868812
0.869725
0.869823
0.869855
0.869769
0.869784
0.869823
0.869972
0.869988
0.869894
0.86989
0.869906
0.869847
0.869659
0.869819
0.869631
0.869635
0.869557
0.8694
0.869455
0.869322
0.868946
0.86873
0.868354
0.868134
0.867692
0.866492
0.865979
0.866148
0.86603
0.866375
0.866461
0.866641
0.866508
0.866916
0.867421
0.867449
0.867962
0.867872
0.867868
0.868205
0.86806
0.868025
0.868189
0.868275
0.868495
0.868953
0.869149
0.869236
0.86942
0.869259
0.870337
0.870356
0.870011
0.86987
0.869964
0.869992
0.866383
0.866669
0.866708
0.866394
0.867092
0.867025
0.866731
0.867006
0.867692
0.867805
0.867723
0.867723
0.867394
0.867515
0.867159
0.867159
0.867233
0.867496
0.867405
0.867554
0.867598
0.867625
0.867468
0.867723
0.867601
0.867108
0.866963
0.866731
0.866747
0.867057
0.867225
0.867068
0.867217
0.867472
0.867296
0.867276
0.867135
0.866947
0.86688
0.867049
0.867241
0.867288
0.867433
0.867539
0.867284
0.867366
0.867194
0.867433
0.867778
0.868068
0.866465
0.866289
0.866167
0.865865
0.865928
0.865697
0.866026
0.865967
0.866285
0.866316
0.866539
0.866359
0.866438
0.866457
0.866739
0.866665
0.866606
0.866688
0.866806
0.866747
0.866884
0.866818
0.866677
0.866735
0.866626
0.865532
0.865101
0.864941
0.864945
0.865231
0.86543
0.865427
0.865282
0.865654
0.865705
0.865595
0.865434
0.865258
0.865579
0.865842
0.865587
0.865575
0.865838
0.865626
0.865568
0.865603
0.86565
0.866101
0.866187
0.8663
0.864251
0.863961
0.864361
0.864184
0.86429
0.864651
0.864694
0.864737
0.864752
0.865043
0.865262
0.865654
0.865497
0.86574
0.865477
0.865474
0.865536
0.865622
0.865987
0.86601
0.866159
0.866485
0.866684
0.866614
0.866802
0.868867
0.869149
0.869416
0.869247
0.869533
0.869463
0.869706
0.869694
0.869674
0.869721
0.869671
0.869784
0.869839
0.869663
0.869831
0.869557
0.869827
0.869819
0.870086
0.869976
0.869565
0.86949
0.869388
0.869479
0.869353
0.867856
0.867946
0.868487
0.86804
0.867645
0.867958
0.867539
0.867942
0.867982
0.868185
0.868456
0.868895
0.868691
0.868761
0.868683
0.868475
0.868452
0.868244
0.86833
0.868091
0.867954
0.868107
0.867923
0.868099
0.868193
0.865203
0.865325
0.865176
0.86538
0.86527
0.865532
0.865517
0.865748
0.866026
0.866383
0.866571
0.866594
0.866665
0.867033
0.867065
0.867143
0.866998
0.867119
0.867065
0.867257
0.867272
0.867292
0.867355
0.867343
0.867543
0.869706
0.869341
0.869377
0.869275
0.868946
0.868652
0.868597
0.868483
0.868322
0.86824
0.868479
0.869067
0.868891
0.869055
0.869004
0.86884
0.868973
0.869122
0.869337
0.869239
0.869236
0.86902
0.868949
0.868926
0.868769
0.868103
0.868079
0.867578
0.866927
0.866896
0.866904
0.866896
0.86692
0.867511
0.867402
0.867731
0.867676
0.867742
0.867837
0.867652
0.867374
0.867068
0.867033
0.86701
0.866841
0.866778
0.86643
0.866818
0.866892
0.866665
0.864839
0.865043
0.865258
0.86583
0.866128
0.866124
0.866097
0.86583
0.865462
0.865513
0.865669
0.865764
0.86565
0.866171
0.866481
0.86688
0.867174
0.86701
0.867366
0.867433
0.867739
0.867433
0.867715
0.86775
0.867543
0.866571
0.865865
0.866222
0.866175
0.866387
0.866778
0.866728
0.866555
0.866633
0.866923
0.866633
0.866398
0.866477
0.866802
0.867456
0.867742
0.867903
0.868142
0.867884
0.868072
0.86824
0.868534
0.868609
0.86882
0.868902
0.867931
0.867703
0.867672
0.867578
0.8673
0.867068
0.867409
0.867609
0.867915
0.867856
0.868189
0.868573
0.868554
0.868467
0.868601
0.868714
0.868644
0.868683
0.868707
0.86862
0.868573
0.868718
0.868667
0.868644
0.868703
0.868221
0.868742
0.868628
0.868573
0.868722
0.868671
0.868734
0.868616
0.868538
0.868609
0.868589
0.868726
0.868319
0.868362
0.868268
0.867985
0.868311
0.868679
0.868319
0.868373
0.868362
0.86855
0.868499
0.868272
0.86855
0.869796
0.869698
0.87016
0.8702
0.870587
0.870948
0.871077
0.871085
0.87165
0.8717
0.871587
0.872018
0.87199
0.871771
0.871571
0.871614
0.871258
0.87154
0.871473
0.871724
0.871689
0.871759
0.871732
0.871657
0.871626
0.871896
0.871983
0.871963
0.872061
0.871732
0.871971
0.872092
0.872276
0.872159
0.872296
0.8725
0.872402
0.872606
0.872751
0.872903
0.873107
0.873307
0.87315
0.87324
0.873178
0.873162
0.873084
0.872978
0.873017
0.872998
0.871446
0.872006
0.871336
0.870905
0.870717
0.870909
0.870776
0.870619
0.870732
0.870878
0.870791
0.871406
0.871113
0.870995
0.870846
0.870823
0.870878
0.87078
0.870603
0.870928
0.870568
0.86998
0.869917
0.870446
0.87025
0.872355
0.872355
0.871736
0.871015
0.870552
0.870011
0.869671
0.869972
0.869784
0.869623
0.870329
0.870662
0.870239
0.86978
0.870102
0.870458
0.870881
0.871395
0.871203
0.87132
0.871254
0.871536
0.87232
0.87219
0.872813
0.873789
0.874843
0.87618
0.87732
0.877986
0.878629
0.878535
0.879624
0.879703
0.880114
0.881615
0.882473
0.881337
0.882598
0.883159
0.884883
0.884272
0.884358
0.883613
0.88522
0.884871
0.887003
0.886866
0.887736
0.887285
0.888285
0.88879
0.890503
0.89131
0.891713
0.893234
0.893814
0.894257
0.894221
0.893575
0.895131
0.895229
0.896886
0.896255
0.899527
0.900742
0.90202
0.902831
0.904833
0.906166
0.907431
0.909638
0.910371
0.912259
0.912945
0.915461
0.91601
0.91608
0.916617
0.917405
0.918004
0.917985
0.919
0.919823
0.918988
0.918404
0.916468
0.915563
0.915308
0.915222
0.915136
0.914634
0.914038
0.914509
0.913314
0.914873
0.913047
0.912565
0.911123
0.912357
0.908474
0.908591
0.908149
0.90838
0.907537
0.90742
0.906507
0.906428
0.907087
0.910088
0.911095
0.911241
0.913059
0.912929
0.912702
0.911405
0.910347
0.910798
0.910888
0.91128
0.911103
0.912444
0.913474
0.91349
0.914403
0.911276
0.911295
0.910907
0.911523
0.912448
0.915347
0.915771
0.915218
0.915696
0.916319
0.915003
0.912765
0.912201
0.911483
0.913125
0.912592
0.913941
0.913419
0.914289
0.914697
0.91376
0.912032
0.909904
0.908419
0.906844
0.907165
0.903634
0.902756
0.900268
0.90019
0.898889
0.900252
0.901734
0.901001
0.901463
0.901992
0.904222
0.906217
0.906714
0.908258
0.909309
0.911166
0.910735
0.909983
0.91059
0.909704
0.911052
0.912408
0.91244
0.913122
0.913035
0.914756
0.914591
0.91597
0.91697
0.918463
0.919098
0.919642
0.919395
0.919685
0.921441
0.922401
0.92286
0.922577
0.923118
0.923569
0.926853
0.928079
0.929349
0.929596
0.928036
0.926798
0.925575
0.92706
0.927053
0.926292
0.926386
0.926453
0.926422
0.926814
0.925352
0.92525
0.926661
0.925281
0.924592
0.926096
0.928166
0.926465
0.926437
0.923851
0.925324
0.925101
0.926747
0.926868
0.927155
0.92498
0.924329
0.924784
0.922961
0.921508
0.91994
0.918808
0.916268
0.915394
0.914152
0.91157
0.913051
0.915724
0.918177
0.918945
0.920595
0.918126
0.919239
0.918996
0.917291
0.916276
0.914724
0.913541
0.912871
0.910022
0.908721
0.907733
0.903521
0.899919
0.899868
0.899763
0.898795
0.898614
0.899335
0.89575
0.894711
0.894766
0.8947
0.89341
0.890718
0.888782
0.887983
0.886756
0.885365
0.886059
0.885851
0.882473
0.880271
0.880714
0.879354
0.877935
0.870419
0.863883
0.859066
0.850332
0.842055
0.840425
0.836204
0.835962
0.835146
0.834065
0.834296
0.833939
0.83274
0.834104
0.834841
0.834273
0.835095
0.834194
0.833508
0.83285
0.829758
0.825483
0.822657
0.819644
0.81239
0.801296
0.794603
0.763578
0.745862
0.692845
0.68143
0.651495
0.642846
0.630584
0.591859
0.584939
0.576694
0.5434
0.538466
0.531377
0.527016
0.481566
0.476374
0.471303
0.468662
0.468141
0.450781
0.448512
0.448559
0.445345
0.442289
0.441913
0.436524
0.435666
0.431649
0.427256
0.425466
0.421163
0.420136
0.420606
0.435196
0.439342
0.43989
0.44049
0.438115
0.451219
0.454707
0.452952
0.449797
0.453688
0.450581
0.448868
0.441536
0.435764
0.434377
0.428902
0.421688
0.420544
0.415383
0.409947
0.409077
0.401212
0.394935
0.392916
0.385929
0.378981
0.376285
0.371238
0.368601
0.367688
0.366978
0.371019
0.375321
0.372374
0.376293
0.373503
0.375694
0.372402
0.372061
0.372049
0.367194
0.366163
0.359592
0.357671
0.344767
0.341581
0.339096
0.336173
0.334053
0.325741
0.322685
0.319867
0.320937
0.318284
0.319871
0.319217
0.317677
0.315529
0.311148
0.308205
0.304239
0.297864
0.301974
0.300999
0.300528
0.29918
0.295567
0.293427
0.291253
0.281225
0.27633
0.273516
0.264758
0.260945
0.260016
0.247582
0.234858
0.230269
0.218858
0.209421
0.203304
0.18864
0.175756
0.168847
0.15508
0.143101
0.140659
0.138814
0.142803
0.146929
0.155974
0.163349
0.165747
0.173824
0.176578
0.177844
0.179533
0.179518
0.180133
0.182237
0.188558
0.19281
0.203802
0.210848
0.213712
0.221993
0.22588
0.225582
0.228858
0.236994
0.24018
0.249577
0.258829
0.263563
0.273724
0.283321
0.282161
0.291468
0.301375
0.309847
0.313582
0.319734
0.319667
0.322834
0.330303
0.332274
0.339473
0.344469
0.34452
0.343701
0.347698
0.353537
0.36817
0.384644
0.391647
0.42012
0.437833
0.439706
0.444683
0.461079
0.459778
0.457129
0.455565
0.454241
0.440357
0.43973
0.440247
0.438527
0.433585
0.431606
0.421931
0.417973
0.416237
0.406875
0.402474
0.398932
0.398642
0.39508
0.366841
0.364063
0.361735
0.354262
0.348376
0.343662
0.342498
0.33731
0.308758
0.306269
0.301206
0.286362
0.281138
0.272905
0.262207
0.259621
0.249067
0.240622
0.246054
0.234062
0.220758
0.215037
0.195847
0.181285
0.175861
0.160253
0.151479
0.142905
0.126289
0.112868
0.106558
0.095484
0.0803851
0.0726299
0.0593885
0.0488236
0.0365305
0.0327842
0.0284736
0.0265965
0.0167291
0.0127046
0.00923647
0.0071517
0.0063993
0.00631309
0.00617594
0.00558029
0.00554502
0.00568217
0.00569001
0.00567042
0.00578798
0.00563515
0.00578798
0.00598
0.00616418
0.00579974
0.00604662
0.00568217
0.00546664
0.00506693
0.00517666
0.00533733
0.00537651
0.00545489
0.00565474
0.00583892
0.00550975
0.00531773
0.0057919
0.0058977
0.00590946
0.00594081
0.00647768
0.00774735
0.0178891
0.0338109
0.0431806
0.0626842
0.0827403
0.0936462
0.115485
0.136741
0.147768
0.169591
0.192007
0.201024
0.225394
0.247171
0.263304
0.288361
0.312065
0.332274
0.350994
0.365007
0.37029
0.381376
0.39312
0.403834
0.413082
0.416621
0.418616
0.422942
0.427276
0.427684
0.426818
0.424752
0.426888
0.417628
0.405539
0.401843
0.395346
0.36226
0.360042
0.346397
0.33814
0.311207
0.302131
0.275535
0.275068
0.264829
0.252606
0.250231
0.237068
0.223337
0.21731
0.20816
0.194534
0.189902
0.183421
0.169999
0.165955
0.149574
0.142779
0.137959
0.120693
0.110164
0.106864
0.0955193
0.0840413
0.0770385
0.0622374
0.0515746
0.0470837
0.036746
0.0293631
0.0244529
0.0157533
0.0118228
0.0105532
0.00924039
0.00872312
0.00849975
0.00850759
0.00899351
0.0087819
0.00830381
0.00783748
0.00771208
0.00760628
0.00797464
0.00766898
0.00750047
0.00728102
0.00718697
0.00693617
0.00675591
0.00676375
0.00676767
0.0070459
0.00732021
0.00792761
0.0109842
0.0132101
0.0192214
0.0253817
0.0290927
0.0372711
0.047166
0.0526561
0.0636129
0.0757649
0.0823171
0.0948218
0.10967
0.11797
0.133464
0.147991
0.155531
0.172856
0.188821
0.199354
0.217569
0.23931
0.249624
0.27017
0.289905
0.310646
0.33997
0.366226
0.375764
0.417777
0.462952
0.482334
0.513155
0.546194
0.560921
0.579394
0.588438
0.591981
0.632242
0.632845
0.631188
0.62991
0.626713
0.626865
0.624365
0.614933
0.613216
0.606754
0.601825
0.598427
0.590672
0.584441
0.579946
0.570416
0.464633
0.453414
0.380435
0.366802
0.365991
0.332521
0.331208
0.329002
0.32147
0.3023
0.298937
0.293357
0.287487
0.285856
0.275809
0.26622
0.263324
0.253735
0.245917
0.242382
0.229501
0.221389
0.219242
0.204417
0.175481
0.169274
0.154622
0.14332
0.129953
0.115329
0.101566
0.0969653
0.0865846
0.0733902
0.067951
0.0589144
0.0517666
0.0474677
0.0393559
0.0358408
0.0345202
0.0307739
0.0275292
0.0255659
0.0223094
0.0188962
0.0183397
0.0147266
0.0116818
0.0097655
0.00799815
0.00606229
0.00607405
0.00625823
0.00630525
0.00625431
0.00656389
0.00626999
0.00616026
0.00629742
0.00588203
0.00596432
0.00601135
0.00606621
0.00587419
0.00567434
0.00544313
0.0054157
0.00549016
0.00538827
0.00544313
0.00576055
0.00572528
0.00566258
0.00574487
0.00610932
0.00623864
0.00633269
0.00639539
0.00641498
0.00622296
0.00612891
0.00605837
0.00587811
0.0065443
0.00637187
0.00644241
0.00636795
0.00641106
0.0063562
0.00621904
0.00642674
0.00668145
0.0068382
0.00687347
0.0067951
0.00650119
0.00642674
0.00665402
0.00703806
0.00709684
0.00763763
0.00825287
0.00840962
0.00839002
0.00895432
0.00918553
0.0090327
0.0091581
0.00961659
0.00941673
0.0093893
0.00927566
0.0105688
0.0169877
0.0211534
0.0304878
0.0423577
0.0476009
0.0577544
0.0658544
0.0704394
0.0794446
0.086565
0.0888418
0.093462
0.097463
0.0993675
0.10206
0.10465
0.106272
0.109141
0.11045
0.111226
0.114349
0.115485
0.116445
0.117954
0.119185
0.11989
0.12103
0.121332
0.121363
0.122743
0.1221
0.121994
0.124412
0.129134
0.130839
0.133402
0.126952
0.122465
0.117762
0.112174
0.108353
0.101754
0.0965734
0.0948492
0.091867
0.09211
0.0914908
0.0875525
0.0829166
0.0819957
0.0788529
0.0764311
0.0754828
0.0706588
0.067755
0.0677589
0.0630055
0.0604348
0.0586714
0.0534908
0.0489803
0.0472012
0.0474442
0.0471425
0.0457827
0.0427221
0.0416523
0.0404963
0.0386741
0.0367186
0.0374553
0.0355312
0.0342028
0.0325138
0.0287596
0.0265847
0.0249506
0.0226033
0.0200914
0.0191431
0.0173522
0.0144014
0.0128221
0.0121677
0.0142525
0.0155261
0.0149618
0.0151067
0.0154007
0.0156515
0.0164822
0.0164156
0.0164195
0.0164274
0.0164117
0.0178812
0.0181281
0.0181908
0.0187982
0.0186728
0.0184847
0.0191313
0.0189589
0.0192057
0.0198837
0.0197505
0.0204323
0.0207693
0.0209496
0.0204989
0.0190529
0.016686
0.0153732
0.0139625
0.0123127
0.0121089
0.0102828
0.0130416
0.0182143
0.0295238
0.0436391
0.0492782
0.0621708
0.0723635
0.0746442
0.0788999
0.0853345
0.0862907
0.0882344
0.0961581
0.0958916
0.0959033
0.0971456
0.0968282
0.0964833
0.0966205
0.0971691
0.0979019
0.099152
0.100042
0.100884
0.0978079
0.0934228
0.0842921
0.0724223
0.0709606
0.0726574
0.0672652
0.0590084
0.0514609
0.0408294
0.0381607
0.0289634
0.0198484
0.0166507
0.00884068
0.00362092
0.00172033
0.00156358
0.00152047
0.00154007
0.00177911
0.00271961
0.00320945
0.00375024
0.0041813
0.00515706
0.015193
0.0260322
0.0308327
0.0400143
0.0443406
0.0465938
0.0486355
0.0523583
0.0534046
0.0560066
0.0581306
0.0589653
0.0603486
0.0607914
0.0616496
0.0636364
0.065055
0.0658897
0.0656703
0.0656859
0.0661405
0.0666891
0.0676022
0.0669987
0.06221
0.0567708
0.0550818
0.0478596
0.0443641
0.0419658
0.0367656
0.031491
0.0288027
0.0246841
0.0198445
0.0178499
0.0134805
0.00902878
0.0067324
0.00380902
0.00354646
0.00348376
0.00363267
0.0067951
0.00962443
0.0137665
0.0151067
0.0160041
0.0171014
0.0187669
0.0192097
0.0198445
0.0204676
0.0215766
0.022086
0.0224348
0.0226072
0.0232734
0.0243785
0.0242923
0.0244451
0.0246254
0.0245627
0.0247312
0.025123
0.0253151
0.0255619
0.0258127
0.0257069
0.0246567
0.0239278
0.0232577
0.0211573
0.0190294
0.0187433
0.0238573
0.0306759
0.0344457
0.0439526
0.0555246
0.0604583
0.0691619
0.0709331
0.0720735
0.0747226
0.0771169
0.0783787
0.082995
0.0852248
0.0866355
0.091385
0.0938186
0.0939361
0.0964951
0.0981253
0.0992343
0.101476
0.102162
0.102318
0.10318
0.103804
0.104454
0.105132
0.106296
0.106672
0.108831
0.109893
0.11043
0.10648
0.100057
0.0958916
0.0876191
0.0860164
0.0824973
0.0728847
0.0666186
0.0633073
0.0535809
0.0451204
0.0418757
0.0348964
0.0278662
0.024449
0.0197505
0.0123832
0.0101652
0.0057292
0.0044752
0.00459668
0.00453398
0.00450655
0.00429886
0.00419697
0.00414603
0.00406373
0.0040363
0.00408725
0.00395401
0.0039736
0.0039305
0.00390307
0.0039736
0.00397752
0.00394617
0.0039736
0.00393833
0.00401671
0.00403238
0.00405982
0.0040559
0.00400887
0.00391482
0.00390698
0.00440075
0.00435764
0.00435764
0.00417738
0.00422832
0.00420873
0.00415778
0.00421657
0.00418522
0.00411468
0.00411468
0.00406765
0.00402063
0.00400495
0.00402063
0.00400495
0.00402847
0.00403238
0.00402063
0.00402847
0.0040363
0.00407549
0.00406373
0.00409117
0.00407941
0.00425575
0.00425575
0.00421657
0.00422832
0.00415778
0.00420481
0.0041617
0.00402455
0.00394225
0.00395009
0.00396185
0.00395793
0.00400887
0.00598784
0.0134844
0.0229011
0.0275644
0.033615
0.0404297
0.0437331
0.0464018
0.0489176
0.0504773
0.0533066
0.054251
0.055795
0.0623668
0.0737076
0.079041
0.0932895
0.104866
0.110842
0.125741
0.138759
0.145381
0.162761
0.172303
0.178056
0.194573
0.20294
0.206937
0.22318
0.227941
0.228376
0.230802
0.227436
0.226288
0.226382
0.222777
0.220551
0.221507
0.216977
0.215813
0.211103
0.209527
0.204852
0.202207
0.200056
0.201854
0.201572
0.201815
0.199891
0.192771
0.191144
0.199734
0.189448
0.186528
0.185827
0.180869
0.170148
0.158744
0.149539
0.141764
0.139362
0.132461
0.12163
0.117233
0.109885
0.102346
0.102659
0.0940576
0.0871489
0.0843901
0.0787118
0.0737272
0.071423
0.066791
0.0664971
0.067371
0.0687974
0.0694362
0.0693617
0.0696752
0.0701533
0.070745
0.0714308
0.071709
0.0717247
0.0716385
0.0717169
0.0731903
0.0744992
0.0747226
0.0752359
0.0763214
0.0767799
0.0763802
0.0764272
0.0762822
0.0719363
0.0721283
0.0716542
0.0717717
0.0712701
0.0715758
0.07118
0.0750478
0.0803499
0.0836573
0.0904367
0.0960405
0.0987131
0.102996
0.106206
0.106018
0.109066
0.111778
0.112907
0.113287
0.115031
0.114999
0.115838
0.116312
0.117543
0.118181
0.120137
0.122034
0.1254
0.128496
0.129154
0.130655
0.131246
0.131799
0.133198
0.135541
0.136043
0.137324
0.13685
0.137371
0.138304
0.139821
0.140416
0.141141
0.142141
0.143587
0.143524
0.144433
0.14497
0.145797
0.145609
0.145758
0.146549
0.148144
0.148716
0.149676
0.150425
0.150315
0.15106
0.151981
0.151949
0.152964
0.154414
0.154959
0.153803
0.153262
0.153991
0.153387
0.152713
0.153697
0.153638
0.154634
0.154869
0.154896
0.155249
0.154845
0.155539
0.155409
0.155119
0.155652
0.155766
0.155335
0.155813
0.15595
0.155711
0.15566
0.155997
0.155813
0.155809
0.155664
0.155578
0.155652
0.155797
0.156346
0.156942
0.157138
0.157353
0.157823
0.157753
0.157725
0.158121
0.15829
0.158325
0.158972
0.158446
0.158611
0.158552
0.158341
0.158376
0.158697
0.15867
0.158999
0.159626
0.160241
0.16057
0.160406
0.163161
0.163227
0.162788
0.162216
0.161918
0.161374
0.160809
0.160915
0.15941
0.159583
0.159414
0.160182
0.16012
0.160974
0.163274
0.165575
0.166276
0.167906
0.169509
0.168976
0.167624
0.165692
0.164736
0.163349
0.162522
0.161675
0.162114
0.162173
0.16231
0.163137
0.163521
0.163705
0.164407
0.16494
0.166041
0.166699
0.167056
0.167177
0.166288
0.166268
0.166578
0.166159
0.168134
0.169105
0.171982
0.173894
0.174737
0.175571
0.176308
0.17699
0.179036
0.179721
0.179843
0.179674
0.180689
0.181152
0.181222
0.180591
0.181007
0.179192
0.179514
0.179635
0.178859
0.179012
0.180286
0.179392
0.18018
0.18038
0.180231
0.179909
0.179702
0.179855
0.180325
0.180928
0.180964
0.179506
0.179322
0.178867
0.178757
0.17909
0.179259
0.179024
0.178934
0.177891
0.177699
0.177782
0.177656
0.178091
0.17766
0.178299
0.178162
0.177754
0.17873
0.179514
0.180078
0.18192
0.183366
0.183934
0.184616
0.184823
0.188092
0.187633
0.188687
0.188934
0.190964
0.193441
0.194605
0.197893
0.20176
0.203873
0.209053
0.214727
0.217596
0.223721
0.228764
0.231703
0.238279
0.243232
0.245407
0.251955
0.259052
0.263061
0.271608
0.278885
0.285751
0.306959
0.31346
0.31685
0.326854
0.3349
0.339257
0.348929
0.361892
0.369553
0.381156
0.390483
0.39544
0.409109
0.42302
0.430211
0.437151
0.44857
0.452991
0.459735
0.465303
0.470041
0.486817
0.50299
0.514621
0.524935
0.578371
0.579374
0.580879
0.585354
0.599148
0.630796
0.659473
0.675669
0.697305
0.712991
0.7232
0.736731
0.780688
0.810302
0.841205
0.860465
0.873393
0.881172
0.889084
0.8937
0.898289
0.9001
0.902604
0.901263
0.90035
0.924404
0.921292
0.920203
0.919497
0.918051
0.91869
0.920007
0.919117
0.919078
0.918819
0.917898
0.91637
0.916041
0.916527
0.916366
0.915582
0.915618
0.915755
0.915974
0.916829
0.916441
0.91608
0.915304
0.915504
0.915696
0.915861
0.915445
0.915461
0.916699
0.91579
0.91521
0.915085
0.914662
0.914426
0.914646
0.91414
0.913897
0.912969
0.911793
0.911625
0.911162
0.910359
0.91023
0.909947
0.909779
0.909712
0.90867
0.908078
0.907804
0.906946
0.904108
0.904724
0.903407
0.903454
0.903956
0.903015
0.902643
0.902114
0.901902
0.902251
0.901796
0.900805
0.899786
0.900198
0.898054
0.896737
0.896968
0.894758
0.894625
0.893912
0.894421
0.894053
0.894014
0.893453
0.892403
0.890224
0.888492
0.88814
0.887501
0.885588
0.885835
0.885342
0.883829
0.881701
0.880835
0.880635
0.879569
0.878978
0.878594
0.877563
0.877782
0.878691
0.879483
0.879487
0.880572
0.881235
0.881188
0.881431
0.881917
0.882579
0.88339
0.882837
0.882975
0.882422
0.882606
0.882163
0.880639
0.879495
0.879079
0.878127
0.877512
0.877923
0.878178
0.87681
0.876321
0.876129
0.87645
0.876046
0.87634
0.876156
0.875169
0.872982
0.871673
0.871093
0.869788
0.868389
0.868507
0.869169
0.869032
0.86826
0.867848
0.866097
0.864823
0.864259
0.863702
0.863185
0.86275
0.862205
0.862033
0.862158
0.861688
0.861057
0.86094
0.86112
0.861124
0.860963
0.861014
0.8607
0.860838
0.860532
0.8611
0.861057
0.861504
0.861543
0.861288
0.861414
0.861696
0.861614
0.862217
0.862049
0.86206
0.862746
0.86255
0.862648
0.862758
0.862491
0.862386
0.862045
0.86119
0.859298
0.858957
0.858694
0.858204
0.857185
0.856884
0.856598
0.855967
0.855751
0.854701
0.853847
0.853686
0.852816
0.852408
0.851825
0.851586
0.85148
0.851672
0.851895
0.851601
0.85164
0.851182
0.85126
0.851303
0.851303
0.851374
0.851397
0.851397
0.851299
0.851166
0.851025
0.848643
0.848933
0.848631
0.848803
0.848784
0.848255
0.848219
0.848282
0.848004
0.848576
0.848533
0.848349
0.848282
0.848427
0.848129
0.847769
0.847381
0.8472
0.846899
0.846863
0.84704
0.846969
0.846867
0.846499
0.846683
0.846374
0.846221
0.846621
0.846648
0.846491
0.84626
0.846303
0.846236
0.846225
0.846417
0.846244
0.846432
0.846421
0.84626
0.846252
0.846256
0.846624
0.846883
0.846985
0.846785
0.846836
0.84704
0.847216
0.847291
0.847189
0.84847
0.848396
0.848255
0.848407
0.848674
0.848901
0.84961
0.849509
0.849571
0.849712
0.849759
0.849834
0.849963
0.850092
0.850143
0.850155
0.850108
0.85001
0.849951
0.84954
0.849705
0.849693
0.849607
0.849575
0.849493
0.848972
0.84894
0.848936
0.848858
0.848568
0.848599
0.848537
0.848235
0.848447
0.848388
0.848415
0.848513
0.848098
0.848266
0.847969
0.847949
0.847988
0.847961
0.848278
0.848188
0.847969
0.847953
0.848039
0.848023
0.848106
0.847694
0.847506
0.847553
0.847287
0.847102
0.846409
0.846652
0.846213
0.846283
0.845731
0.84633
0.846099
0.845962
0.845723
0.845468
0.845402
0.845935
0.84626
0.846475
0.846777
0.846871
0.846836
0.846824
0.846425
0.846107
0.844998
0.844739
0.844614
0.844626
0.845155
0.845429
0.84519
0.844963
0.844677
0.844834
0.844904
0.844485
0.843944
0.843501
0.84374
0.842909
0.842431
0.842263
0.842247
0.842286
0.841953
0.842314
0.842521
0.842772
0.842945
0.845954
0.845813
0.845982
0.84557
0.845613
0.8455
0.845609
0.845417
0.846044
0.846103
0.846303
0.847914
0.848545
0.848447
0.84907
0.849093
0.848968
0.848811
0.848682
0.848603
0.848752
0.848572
0.848431
0.848427
0.848595
0.847573
0.847334
0.847549
0.847722
0.847847
0.847831
0.847878
0.847961
0.847949
0.847694
0.847549
0.847436
0.847416
0.847267
0.847588
0.847573
0.847624
0.847475
0.847459
0.847385
0.847498
0.847463
0.847318
0.847165
0.847173
0.848294
0.848204
0.848117
0.84791
0.847757
0.847639
0.847679
0.847667
0.847804
0.84782
0.847871
0.847788
0.84778
0.847722
0.847831
0.84771
0.847882
0.847988
0.847918
0.848082
0.848153
0.848168
0.847949
0.848251
0.848086
0.849646
0.849975
0.849301
0.849128
0.849109
0.849285
0.849407
0.849348
0.849093
0.849089
0.849152
0.849273
0.84903
0.848991
0.849085
0.849254
0.849258
0.849626
0.849661
0.849748
0.849755
0.849771
0.850034
0.850128
0.850194
0.850978
0.851378
0.851237
0.851284
0.850919
0.850716
0.851076
0.851401
0.850962
0.851256
0.850998
0.850994
0.850782
0.850696
0.851084
0.851311
0.851296
0.850896
0.850955
0.851084
0.851013
0.85097
0.85097
0.850982
0.850974
0.851731
0.851519
0.851127
0.851025
0.85079
0.850786
0.850947
0.850731
0.850653
0.850778
0.850802
0.850453
0.850527
0.850335
0.85032
0.850578
0.850516
0.850382
0.850496
0.850641
0.85059
0.850535
0.85039
0.850375
0.85039
0.850386
0.850104
0.850343
0.850531
0.850614
0.850759
0.850453
0.850755
0.850743
0.850625
0.85081
0.850622
0.85097
0.851053
0.850939
0.850896
0.850759
0.85068
0.850672
0.850712
0.850712
0.850712
0.850669
0.850696
0.850755
0.852032
0.851832
0.851852
0.851633
0.851734
0.851495
0.851574
0.851601
0.851158
0.851178
0.850978
0.851115
0.850911
0.850962
0.850982
0.850814
0.850645
0.850594
0.850622
0.850563
0.850735
0.850602
0.850469
0.850598
0.850563
0.851213
0.851021
0.850919
0.850872
0.85079
0.85099
0.850719
0.850712
0.850872
0.850375
0.850281
0.8505
0.850774
0.850759
0.850406
0.850171
0.850355
0.85039
0.850433
0.850296
0.850202
0.850112
0.85001
0.849869
0.84985
0.84983
0.849716
0.850143
0.850206
0.850034
0.850253
0.850335
0.850531
0.850551
0.850288
0.85048
0.850547
0.850198
0.850371
0.85021
0.850665
0.850708
0.850649
0.850802
0.851053
0.850868
0.850755
0.85059
0.850618
0.850571
0.85048
0.850445
0.850477
0.850312
0.850343
0.850269
0.850171
0.84985
0.849673
0.850469
0.850477
0.850622
0.850281
0.850429
0.850422
0.85032
0.850649
0.850908
0.85088
0.850821
0.851013
0.850982
0.851021
0.851425
0.851507
0.851405
0.851362
0.851276
0.851245
0.851025
0.850841
0.85099
0.850849
0.850978
0.851057
0.850755
0.850802
0.850363
0.850061
0.84985
0.849916
0.849563
0.849728
0.849587
0.849293
0.849685
0.84952
0.849814
0.850202
0.849897
0.849771
0.849579
0.84972
0.849693
0.84965
0.849434
0.849493
0.849336
0.849446
0.850571
0.851131
0.850798
0.850755
0.850418
0.850198
0.85021
0.849728
0.849681
0.84963
0.849924
0.850245
0.849963
0.849775
0.849998
0.849579
0.849857
0.850014
0.849998
0.850179
0.849932
0.849955
0.849779
0.849681
0.849552
0.850555
0.850602
0.850637
0.850864
0.850833
0.850719
0.850641
0.850751
0.850853
0.850751
0.850755
0.850504
0.850539
0.850735
0.850876
0.850622
0.851115
0.851119
0.850884
0.850798
0.850727
0.850574
0.850449
0.85081
0.850437
0.850731
0.850837
0.850774
0.850986
0.851092
0.851554
0.851491
0.85126
0.850594
0.850194
0.850332
0.850183
0.850206
0.850281
0.850045
0.849975
0.850367
0.850602
0.850892
0.850735
0.851002
0.851378
0.851162
0.851284
0.851264
0.852142
0.852283
0.852503
0.852581
0.852154
0.851891
0.851444
0.851574
0.851589
0.851774
0.851511
0.851499
0.851472
0.851401
0.851397
0.851323
0.851229
0.851107
0.851096
0.851013
0.851041
0.851096
0.850539
0.849955
0.849509
0.849928
0.849971
0.849081
0.84945
0.850316
0.850367
0.849705
0.84943
0.849791
0.849983
0.850837
0.851299
0.851625
0.851629
0.85157
0.85139
0.851127
0.851346
0.851182
0.851241
0.851303
0.851366
0.851437
0.851045
0.851076
0.851088
0.850951
0.8507
0.849826
0.849477
0.848889
0.848102
0.848223
0.847663
0.846844
0.846981
0.846417
0.846217
0.846182
0.845939
0.846374
0.84704
0.846495
0.846589
0.846405
0.846726
0.846217
0.846009
0.846307
0.846597
0.852142
0.85215
0.851538
0.851241
0.851331
0.851256
0.851448
0.851468
0.851656
0.851695
0.851535
0.851605
0.851538
0.85146
0.851617
0.851644
0.851762
0.851727
0.851452
0.851429
0.851303
0.851221
0.851241
0.85128
0.851252
0.849908
0.84961
0.849677
0.84943
0.848588
0.848541
0.848427
0.84827
0.848102
0.848019
0.847851
0.847667
0.847679
0.847279
0.846899
0.847342
0.847408
0.847526
0.848
0.847777
0.847604
0.847874
0.847827
0.848039
0.84818
0.85077
0.850669
0.850602
0.85032
0.850335
0.850661
0.850837
0.851064
0.851096
0.851213
0.851307
0.851198
0.85099
0.850582
0.85039
0.850426
0.850571
0.84985
0.84963
0.849563
0.850112
0.849991
0.850096
0.849936
0.849861
0.850684
0.851186
0.851832
0.851746
0.85177
0.852381
0.852193
0.851683
0.851727
0.851495
0.851401
0.851531
0.851135
0.850884
0.850441
0.850347
0.850265
0.849916
0.849881
0.849618
0.849422
0.849465
0.849364
0.849403
0.849442
0.850974
0.850841
0.850994
0.850951
0.851143
0.851139
0.851205
0.850923
0.850923
0.85079
0.850559
0.850508
0.850281
0.850641
0.850418
0.850273
0.850371
0.850324
0.850535
0.850335
0.850202
0.850183
0.850143
0.850159
0.849936
0.852173
0.852267
0.851723
0.851433
0.851198
0.851397
0.851249
0.851178
0.851441
0.851531
0.851366
0.851719
0.851687
0.851719
0.85204
0.852142
0.852326
0.852091
0.85222
0.852005
0.852181
0.852005
0.851934
0.851711
0.851711
0.852597
0.852503
0.852017
0.85184
0.851331
0.851201
0.851264
0.851186
0.850876
0.850778
0.850606
0.849912
0.849975
0.850108
0.850355
0.850504
0.850547
0.850649
0.850845
0.850798
0.850849
0.850739
0.850829
0.850394
0.850308
0.85193
0.852134
0.851836
0.851586
0.851343
0.851417
0.85135
0.851072
0.850943
0.850841
0.850653
0.850723
0.850622
0.8507
0.850398
0.850151
0.849975
0.850296
0.850371
0.850484
0.850559
0.850402
0.850402
0.850202
0.850065
0.851621
0.851625
0.851531
0.851746
0.851754
0.851923
0.851821
0.851346
0.85128
0.85117
0.851092
0.851366
0.851296
0.851151
0.850982
0.851229
0.851076
0.850927
0.850829
0.850872
0.850755
0.850994
0.850966
0.850939
0.851111
0.851828
0.851664
0.851821
0.851977
0.851523
0.85168
0.851746
0.851566
0.851464
0.851538
0.851354
0.851131
0.850896
0.850939
0.850833
0.851076
0.851084
0.851037
0.850892
0.850986
0.851221
0.851323
0.85175
0.851989
0.852209
0.851503
0.851519
0.851162
0.850962
0.850716
0.851045
0.850731
0.850669
0.850406
0.850496
0.850567
0.850461
0.850555
0.850339
0.850139
0.850316
0.850418
0.850665
0.850782
0.850488
0.850492
0.850665
0.850802
0.850578
0.850324
0.852267
0.852216
0.852095
0.852044
0.852361
0.852021
0.852173
0.852479
0.852005
0.852056
0.852064
0.851781
0.851742
0.852032
0.852009
0.852303
0.852397
0.852628
0.852397
0.85215
0.852213
0.852279
0.852471
0.852757
0.852961
0.855234
0.855246
0.855175
0.85525
0.85541
0.855167
0.85512
0.855179
0.854995
0.855293
0.855324
0.855046
0.85483
0.854893
0.854862
0.854865
0.855105
0.854909
0.854818
0.85476
0.854807
0.854807
0.854862
0.854983
0.854936
0.856116
0.855524
0.855583
0.855097
0.854536
0.853525
0.852992
0.852702
0.852965
0.852365
0.851817
0.852107
0.852369
0.85235
0.852695
0.853137
0.854101
0.85436
0.854881
0.855269
0.855473
0.855939
0.856131
0.856276
0.85588
0.858114
0.858259
0.859027
0.859654
0.85987
0.860293
0.860947
0.861398
0.862009
0.861782
0.862123
0.862147
0.862358
0.862738
0.864145
0.864557
0.865818
0.867895
0.86817
0.870439
0.871434
0.872802
0.87375
0.875447
0.875917
0.878347
0.879068
0.880518
0.880835
0.881689
0.881826
0.881995
0.881486
0.881971
0.883531
0.884221
0.885557
0.888504
0.889746
0.891753
0.893696
0.895538
0.896537
0.898618
0.899825
0.899672
0.900013
0.900589
0.900582
0.901165
0.90135
0.90077
0.901252
0.901209
0.900213
0.900589
0.900801
0.90008
0.900362
0.900926
0.901099
0.901765
0.901134
0.901557
0.905014
0.905876
0.906973
0.909262
0.909904
0.910081
0.909865
0.907447
0.905954
0.903936
0.902517
0.901894
0.90182
0.901212
0.901275
0.899382
0.899167
0.899653
0.900527
0.902047
0.90289
0.903963
0.903121
0.903862
0.906279
0.907189
0.90798
0.907714
0.907812
0.907545
0.907475
0.908905
0.909967
0.911617
0.912526
0.912741
0.911832
0.912463
0.913564
0.914246
0.915481
0.91628
0.916409
0.917299
0.917789
0.919133
0.921888
0.921273
0.922213
0.922048
0.920994
0.922346
0.922993
0.922229
0.920728
0.919403
0.918075
0.915312
0.916398
0.910868
0.907059
0.897568
0.898125
0.896334
0.895993
0.895879
0.894543
0.895844
0.897744
0.90037
0.903191
0.904747
0.905488
0.905813
0.904947
0.907384
0.909528
0.909759
0.909685
0.90876
0.909007
0.907447
0.906518
0.906252
0.897537
0.890796
0.886102
0.885389
0.88687
0.880745
0.869623
0.863048
0.86373
0.856566
0.839829
0.832007
0.820361
0.816348
0.815921
0.812359
0.809079
0.808519
0.80431
0.801218
0.801253
0.798083
0.797914
0.797201
0.794239
0.79715
0.797201
0.768626
0.769562
0.770315
0.772192
0.773791
0.773771
0.776087
0.775143
0.776561
0.777796
0.77664
0.775633
0.772595
0.771933
0.771032
0.77066
0.770805
0.76908
0.768645
0.767423
0.765875
0.763904
0.762536
0.761545
0.759832
0.75359
0.754232
0.755318
0.751861
0.750725
0.746414
0.746747
0.749165
0.747159
0.708873
0.705076
0.709429
0.707685
0.707015
0.701694
0.696262
0.694432
0.691223
0.680822
0.677108
0.66896
0.661397
0.661393
0.653305
0.613455
0.607162
0.601339
0.592498
0.58789
0.578081
0.567524
0.564706
0.553573
0.544693
0.543204
0.532185
0.524418
0.520785
0.515698
0.49828
0.498374
0.496218
0.492993
0.490517
0.50656
0.507826
0.507073
0.527807
0.537659
0.538725
0.540312
0.573559
0.579159
0.58459
0.601229
0.607824
0.616904
0.616751
0.62056
0.624189
0.622096
0.623554
0.623703
0.625533
0.623436
0.617656
0.614204
0.615501
0.61014
0.607613
0.606848
0.604811
0.610559
0.608341
0.602937
0.591483
0.594739
0.601276
0.608741
0.615681
0.617484
0.618213
0.616014
0.614149
0.613169
0.612241
0.617257
0.614976
0.620486
0.61697
0.615399
0.617668
0.619239
0.623577
0.625157
0.631015
0.631058
0.635153
0.642771
0.647564
0.642666
0.653152
0.658509
0.665802
0.676919
0.686524
0.673898
0.678389
0.682848
0.655166
0.65644
0.663619
0.666856
0.629409
0.63591
0.638676
0.637458
0.604093
0.603745
0.603506
0.599336
0.598897
0.598717
0.598098
0.596448
0.59646
0.607691
0.610975
0.615666
0.622884
0.628092
0.636404
0.643206
0.648959
0.674129
0.69531
0.696987
0.724657
0.734258
0.739459
0.769656
0.780837
0.784403
0.807073
0.817975
0.824472
0.846903
0.855634
0.86197
0.869216
0.876618
0.87917
0.883531
0.884652
0.885514
0.895977
0.897443
0.899143
0.9018
0.908917
0.911323
0.915312
0.917836
0.919192
0.919243
0.921351
0.921574
0.921041
0.921249
0.920724
0.920681
0.92371
0.924384
0.924862
0.923886
0.925587
0.923138
0.918416
0.916147
0.91746
0.916891
0.915923
0.912992
0.914426
0.912769
0.912498
0.91347
0.912875
0.905072
0.895613
0.895236
0.88801
0.882935
0.879703
0.875784
0.837376
0.834449
0.82879
0.828324
0.824817
0.813335
0.751046
0.747335
0.743675
0.741136
0.737766
0.731543
0.721777
0.716906
0.711487
0.706866
0.705248
0.700937
0.698759
0.697093
0.692704
0.685137
0.683327
0.683342
0.679267
0.679083
0.678444
0.693296
0.702513
0.713665
0.720903
0.72403
0.732593
0.734697
0.736731
0.74161
0.745634
0.749103
0.749577
0.754718
0.754342
0.756486
0.75734
0.758104
0.756125
0.751975
0.7525
0.75301
0.749299
0.749647
0.74462
0.742339
0.739729
0.736825
0.736508
0.696207
0.697987
0.699468
0.70216
0.621273
0.612738
0.605853
0.602087
0.602154
0.597714
0.607495
0.616206
0.620678
0.626713
0.634589
0.642278
0.64363
0.64582
0.651334
0.68924
0.717251
0.72666
0.7448
0.765546
0.772298
0.785598
0.793478
0.794105
0.792918
0.791425
0.788157
0.789983
0.786495
0.7878
0.785457
0.782792
0.784728
0.783972
0.782812
0.78117
0.740717
0.729509
0.719426
0.708802
0.701145
0.688836
0.676868
0.668471
0.66677
0.659955
0.602781
0.607734
0.61485
0.619138
0.616046
0.616394
0.545767
0.53914
0.530488
0.529732
0.469743
0.458512
0.460021
0.45841
0.454989
0.415833
0.416531
0.410943
0.413059
0.412255
0.41097
0.411805
0.41454
0.414787
0.413172
0.407294
0.406703
0.402267
0.408211
0.410676
0.416629
0.414677
0.413474
0.412898
0.411781
0.417099
0.419533
0.420195
0.420696
0.426249
0.42764
0.453112
0.47628
0.484936
0.527051
0.542436
0.550034
0.566889
0.597918
0.608302
0.633182
0.641455
0.646972
0.646244
0.64979
0.654524
0.643935
0.644272
0.644366
0.635322
0.589923
0.579931
0.56772
0.560364
0.553859
0.54097
0.529959
0.521244
0.507124
0.492609
0.493342
0.482616
0.473074
0.470711
0.463544
0.437841
0.397012
0.385118
0.372374
0.363538
0.322555
0.305207
0.297628
0.283368
0.256576
0.252481
0.23891
0.227973
0.22561
0.215354
0.19937
0.19232
0.17967
0.167706
0.160578
0.147015
0.134875
0.127704
0.116312
0.111712
0.108749
0.0995164
0.0901977
0.0856206
0.0778105
0.0687778
0.0633543
0.0510925
0.0418757
0.0395558
0.0336737
0.0249154
0.0221566
0.016157
0.0120776
0.0106237
0.00556853
0.00271177
0.00240219
0.00233165
0.00242178
0.00239043
0.00250408
0.00272744
0.00286068
0.00329958
0.00333485
0.00316242
0.00316634
0.0030527
0.00293122
0.00277447
0.00274704
0.00268826
0.00221801
0.00222976
0.00235516
0.00251191
0.00282933
0.00279014
0.00298608
0.00311148
0.00317026
0.00298608
0.00301351
0.0031154
0.0033466
0.0034289
0.00333093
0.00313499
0.00307229
0.00299392
0.00295081
0.00331917
0.00357389
0.00396185
0.0041813
0.0041813
0.00441642
0.00392658
0.00376591
0.00369145
0.00375415
0.00365619
0.00872312
0.00879365
0.00841746
0.00877014
0.00900135
0.00894257
0.00873095
0.00874271
0.00844097
0.00864474
0.00881717
0.00936971
0.00908756
0.0089073
0.00858204
0.00855069
0.00835084
0.00840178
0.00854286
0.00838219
0.00816666
0.00856245
0.00848016
0.00810004
0.00771992
0.00791978
0.0076533
0.00759452
0.00766506
0.00753966
0.00709292
0.00710468
0.00663051
0.0065874
0.0063562
0.00616418
0.00594865
0.00567434
0.00553718
0.00512179
0.00520801
0.00533733
0.00513355
0.00509044
0.00488667
0.0048083
0.00478478
0.00447128
0.00461628
0.00462411
0.00478086
0.00476519
0.00450263
0.00429494
0.00404414
0.00396185
0.00377375
0.00387563
0.00373456
0.00379726
0.00371497
0.00337795
0.00348768
0.00379726
0.00392658
0.00433805
0.00521584
0.00554502
0.00624647
0.00664227
0.00677158
0.00733588
0.00697536
0.00655605
0.00558421
0.00437331
0.00397752
0.00289987
0.0017556
0.00148912
0.00114427
0.00109725
0.00330742
0.0126615
0.0235007
0.0278897
0.0365579
0.0405002
0.0422989
0.0449244
0.0481417
0.0494663
0.0583971
0.0717835
0.078947
0.090711
0.101856
0.106652
0.112852
0.117018
0.119212
0.121771
0.127759
0.12906
0.131176
0.142791
0.143971
0.145291
0.141635
0.139664
0.136164
0.132246
0.127743
0.125748
0.128021
0.12625
0.121461
0.117527
0.115619
0.112252
0.107758
0.105943
0.0897901
0.0794995
0.0739466
0.0660465
0.0556226
0.0542119
0.0482358
0.0417973
0.0374122
0.0306798
0.0304447
0.0325569
0.0367147
0.0429768
0.0458845
0.0499208
0.0570294
0.0624726
0.0740446
0.0850132
0.0901781
0.0986817
0.102977
0.104999
0.107691
0.109325
0.111473
0.113397
0.113922
0.116598
0.118899
0.118989
0.119972
0.118946
0.119835
0.120607
0.12203
0.121442
0.119443
0.115164
0.110132
0.106774
0.105105
0.102953
0.101977
0.0983016
0.0920551
0.0893551
0.0826463
0.0738839
0.0696243
0.0614263
0.0567042
0.0525699
0.0438272
0.0379138
0.0345124
0.0282149
0.0233126
0.020785
0.0167134
0.0120815
0.0100868
0.00528246
0.00545097
0.00650903
0.0102671
0.0113996
0.0120854
0.0126066
0.0133629
0.0138175
0.0145934
0.0152517
0.0155261
0.0162471
0.0164117
0.0166899
0.0175442
0.0180066
0.018567
0.0187982
0.0195232
0.0196917
0.0201071
0.0200444
0.0203618
0.020687
0.0218352
0.0231167
0.0277408
0.0329292
0.0363424
0.0415073
0.0474755
0.0520801
0.0615321
0.0722773
0.0772423
0.0872155
0.0979724
0.103514
0.114768
0.134483
0.141032
0.154281
0.169505
0.181547
0.198551
0.216554
0.223991
0.240928
0.260984
0.267685
0.27981
0.291664
0.294474
0.2986
0.303659
0.303056
0.303021
0.299937
0.297891
0.293757
0.291382
0.290097
0.282718
0.275919
0.27162
0.264625
0.244008
0.242891
0.23465
0.211357
0.208042
0.205123
0.185987
0.18181
0.174161
0.165555
0.161746
0.154246
0.142799
0.137744
0.126756
0.121422
0.11942
0.116085
0.109686
0.107769
0.101832
0.0999475
0.096209
0.0862828
0.0784649
0.0744482
0.063801
0.0509907
0.045575
0.0308091
0.0239043
0.0210397
0.0138332
0.00576055
0.00258245
0.00109725
0.000909148
0.000842529
0.00059173
0.000568217
0.000474168
0.000438899
0.000427143
0.000399712
0.000387955
0.000293906
0.000329174
0.000333093
0.000775911
0.000642674
0.000478086
0.000419305
0.000395793
0.000387955
0.000344849
0.00034093
0.000313499
0.000301743
0.000301743
0.000293906
0.000250799
0.000246881
0.000242962
0.000223368
0.000211612
0.000207693
0.000203775
0.000207693
0.000203775
0.000207693
0.000223368
0.000231206
0.000219449
0.000815098
0.000697536
0.000670105
0.000423224
0.000399712
0.000395793
0.000348768
0.000325256
0.000286068
0.000258637
0.000254718
0.000235124
0.000211612
0.000246881
0.000231206
0.000227287
0.000231206
0.000231206
0.000231206
0.000219449
0.000227287
0.000192018
0.000148912
0.000152831
0.000148912
0.000141075
0.000117562
9.79685e-05
6.26999e-05
5.48624e-05
4.31062e-05
3.91874e-06
0
0
0
0
0.000431062
0.000391874
0.000368362
0.000301743
0.000254718
0.000227287
0.000235124
0.000258637
0.000203775
0.000195937
0.000203775
0.000203775
0.000203775
0.000203775
0.000207693
0.000195937
0.000144993
0.000172425
0.00015675
0.000148912
0.000172425
0.000176343
0.000180262
0.000176343
0.000184181
0.000595649
0.000450655
0.00040363
0.000321337
0.000309581
0.000286068
0.000282149
0.000254718
0.000242962
0.000223368
0.000219449
0.0001881
0.000195937
0.000223368
0.000215531
0.000215531
0.000215531
0.000199856
0.000195937
0.000207693
0.000195937
0.000195937
0.000203775
0.000203775
0.000199856
0.00052903
0.000525111
0.000450655
0.000411468
0.000395793
0.000391874
0.000415387
0.000431062
0.00043498
0.000411468
0.000380118
0.000278231
0.00581933
0.0150166
0.0199973
0.0301234
0.0389562
0.0433452
0.050877
0.0566493
0.057966
0.0607993
0.0646867
0.0662894
0.0703649
0.0726495
0.0734921
0.0752869
0.0762626
0.0771326
0.0779555
0.0788607
0.079088
0.079958
0.0807378
0.0813609
0.0824738
0.0838023
0.0844175
0.0850955
0.085358
0.0864357
0.0882344
0.0927409
0.09867
0.10891
0.122539
0.130059
0.143308
0.153709
0.159183
0.169156
0.183385
0.186971
0.194973
0.200832
0.203825
0.208669
0.229599
0.233149
0.241371
0.244729
0.244533
0.247288
0.250803
0.251446
0.252187
0.252328
0.251791
0.251321
0.250419
0.2504
0.248417
0.248099
0.246019
0.251936
0.24788
0.247998
0.243009
0.239709
0.237323
0.232526
0.228353
0.228427
0.233161
0.237828
0.241657
0.244518
0.248401
0.252167
0.255584
0.257853
0.257473
0.259091
0.258272
0.25801
0.258073
0.259064
0.258739
0.260377
0.260016
0.260534
0.260338
0.260788
0.260385
0.261411
0.265765
0.267133
0.276738
0.288517
0.293451
0.303977
0.314307
0.319746
0.329668
0.336683
0.338893
0.342388
0.32955
0.329778
0.327524
0.329821
0.32977
0.323688
0.323629
0.319193
0.322066
0.323132
0.323829
0.324742
0.32651
0.328187
0.327932
0.330938
0.330499
0.331859
0.331643
0.332752
0.334198
0.335879
0.337709
0.343913
0.349689
0.352428
0.357703
0.362331
0.365556
0.371117
0.373405
0.375192
0.377269
0.377845
0.37768
0.375603
0.373762
0.372849
0.369957
0.369079
0.368001
0.365862
0.365916
0.365489
0.367852
0.369126
0.369279
0.368706
0.36862
0.367257
0.367045
0.367014
0.366179
0.370646
0.378566
0.382528
0.38957
0.398156
0.400707
0.40517
0.411049
0.412894
0.415806
0.419054
0.41945
0.419701
0.423416
0.42507
0.430317
0.433566
0.434796
0.439565
0.445902
0.448194
0.453249
0.45709
0.459331
0.468654
0.472867
0.475143
0.48233
0.487781
0.488111
0.492703
0.498295
0.501963
0.506615
0.510925
0.511658
0.515177
0.51671
0.517564
0.518199
0.519519
0.520162
0.519143
0.517634
0.517286
0.516741
0.52111
0.521878
0.521949
0.522823
0.523751
0.522541
0.521416
0.521769
0.521016
0.520354
0.520358
0.516729
0.514186
0.513645
0.512497
0.515036
0.516298
0.519229
0.523826
0.525429
0.530793
0.536205
0.538212
0.544254
0.549823
0.553491
0.558812
0.563237
0.56462
0.569138
0.571055
0.574335
0.577838
0.588991
0.590354
0.593184
0.595131
0.602197
0.6088
0.616633
0.628691
0.638688
0.643383
0.647012
0.651977
0.672828
0.676888
0.686618
0.700553
0.707975
0.71595
0.721711
0.725241
0.729658
0.733702
0.73697
0.739835
0.746602
0.784673
0.788968
0.791872
0.79282
0.795254
0.798475
0.799882
0.80286
0.808828
0.815878
0.831404
0.843619
0.849195
0.854478
0.859384
0.862887
0.863773
0.866073
0.866896
0.867852
0.869506
0.870278
0.870662
0.871316
0.871156
0.873131
0.874114
0.875047
0.875474
0.87578
0.87634
0.876799
0.877535
0.877214
0.876736
0.876838
0.876791
0.876375
0.876234
0.876501
0.875709
0.875784
0.875549
0.874781
0.874479
0.874224
0.873264
0.87199
0.871512
0.870787
0.868072
0.867899
0.867958
0.867652
0.86777
0.868056
0.868479
0.868993
0.868326
0.868926
0.869149
0.868413
0.867264
0.866489
0.867159
0.867472
0.867762
0.868456
0.868252
0.867997
0.868283
0.869
0.86962
0.869769
0.869898
0.871199
0.871312
0.871207
0.871003
0.870627
0.870634
0.870987
0.87114
0.870952
0.870881
0.8702
0.870317
0.870172
0.869714
0.869334
0.868761
0.86824
0.867993
0.868021
0.868079
0.867323
0.866677
0.866743
0.866696
0.866845
0.867727
0.868021
0.867993
0.867746
0.868107
0.868036
0.868448
0.868844
0.868272
0.868444
0.868189
0.868166
0.86717
0.867417
0.86728
0.86701
0.866712
0.866923
0.866845
0.866982
0.867425
0.86826
0.868746
0.86942
0.869044
0.869028
0.86875
0.868836
0.868475
0.868902
0.869357
0.869306
0.869239
0.868793
0.867813
0.867425
0.866959
0.866696
0.866755
0.866927
0.867319
0.867135
0.867323
0.867519
0.86777
0.867982
0.868413
0.86875
0.869071
0.869306
0.866896
0.866904
0.867437
0.867899
0.868283
0.868695
0.868593
0.868804
0.869208
0.869502
0.869686
0.869882
0.86971
0.869796
0.869302
0.869275
0.86913
0.868781
0.868514
0.868283
0.868095
0.868377
0.868554
0.86891
0.868977
0.868307
0.868381
0.868138
0.86833
0.86833
0.868197
0.86746
0.867586
0.86768
0.867025
0.866943
0.866167
0.86623
0.866441
0.86672
0.866524
0.865603
0.863342
0.862491
0.861853
0.860219
0.860121
0.85976
0.859666
0.859529
0.855242
0.855097
0.854901
0.854525
0.854775
0.855136
0.855069
0.855011
0.85512
0.854995
0.854865
0.854384
0.85389
0.853741
0.853862
0.853608
0.85369
0.853647
